[guid]
        guid_g0                          = 6148914691236517205
        guid_g1                          = 6148914691236517205
 
[main]
        objects_count                    = 1
        version                          = 0
 
[modif]
        name                             =
        time                             = 0
 
[object_0]
        clsid                            = 11
        co_flags                         = 0
        game_type                        = 65535
        name                             = ps
        position                         = -198.572096, 5.108638, -140.859808
        ref_name                         = anomaly2\electra_idle
        rotation                         = 0.001024, -0.070473, -1.585297
        scale                            = 1.000000, 1.000000, 1.000000
        version                          = 19
 
